# Created by Octave 4.2.2, Sat Mar 31 15:22:37 2018 PDT <jsun02@C02VD2RZHTDD-lm>
# name: V
# type: matrix
# rows: 5
# columns: 2
 39 9
 936369 3
 69 3
 72 1197
 702 399


